image: gmapping_world.pgm
resolution: 0.050000
origin: [-9.039734, -8.411308, 0.000000]
negate: 0
occupied_thresh: 0.65
free_thresh: 0.196

