image: icra2021.pgm
resolution: 0.00825
origin: [0, 0, 0.000000]
negate: 0
occupied_thresh: 0.65
free_thresh: 0.196

